20.000000	4.232000
20.290907	4.232470
20.586045	4.235504
20.885476	4.240275
21.189262	4.244906
21.497467	4.251537
21.810155	4.257594
22.127391	4.265419
22.449241	4.272533
22.775773	4.279722
23.107054	4.288051
23.443154	4.295918
23.784142	4.303634
24.130091	4.310630
24.481071	4.316971
24.837156	4.322557
25.198421	4.327404
25.564940	4.331744
25.936791	4.336186
26.314050	4.340891
26.696797	4.345303
27.085111	4.348862
27.479073	4.352473
27.878765	4.357016
28.284271	4.361061
28.695675	4.364615
29.113064	4.367692
29.536523	4.369966
29.966142	4.372755
30.402009	4.376080
30.844217	4.377871
31.292856	4.379637
31.748021	4.381250
32.209807	4.382269
32.678309	4.382844
33.153626	4.383407
33.635857	4.383294
34.125101	4.383579
34.621462	4.383808
35.125043	4.384248
35.635949	4.384167
36.154286	4.385304
36.680162	4.386514
37.213687	4.387713
37.754973	4.388925
38.304131	4.390751
38.861278	4.392092
39.426528	4.394555
40.000000	4.396000
40.581813	4.398409
41.172089	4.399597
41.770951	4.402371
42.378524	4.404151
42.994934	4.406319
43.620309	4.408391
44.254781	4.410982
44.898482	4.412712
45.551545	4.414027
46.214108	4.415910
46.886308	4.416701
47.568285	4.418049
48.260181	4.419028
48.962142	4.419177
49.674312	4.419271
50.396842	4.418924
51.129881	4.418741
51.873582	4.418326
52.628101	4.418061
53.393594	4.417351
54.170222	4.416451
54.958146	4.416552
55.757531	4.416531
56.568542	4.416218
57.391351	4.416050
58.226127	4.416240
59.073046	4.416674
59.932283	4.416026
60.804018	4.416075
61.688433	4.416424
62.585712	4.415673
63.496042	4.414762
64.419613	4.413849
65.356618	4.413488
66.307252	4.413100
67.271713	4.412022
68.250203	4.411329
69.242925	4.410565
70.250086	4.410248
71.271897	4.409623
72.308571	4.408995
73.360323	4.408794
74.427374	4.408286
75.509945	4.408318
76.608262	4.408963
77.722555	4.409396
78.853056	4.410238
80.000000	4.411000
81.163627	4.413409
82.344179	4.415184
83.541903	4.417471
84.757048	4.419978
85.989867	4.423144
87.240619	4.426591
88.509563	4.430706
89.796964	4.434374
91.103091	4.438711
92.428216	4.443217
93.772615	4.446525
95.136569	4.450179
96.520362	4.452644
97.924283	4.455445
99.348625	4.458185
100.793684	4.460809
102.259762	4.464050
103.747164	4.466927
105.256202	4.469666
106.787188	4.472220
108.340444	4.473854
109.916292	4.474307
111.515061	4.474402
113.137085	4.473839
114.782702	4.471912
116.452255	4.469203
118.146092	4.466365
119.864566	4.462082
121.608036	4.457046
123.376866	4.451019
125.171424	4.444091
126.992084	4.435465
128.839227	4.425593
130.713236	4.415371
132.614504	4.405027
134.543426	4.394305
136.500406	4.383827
138.485850	4.373136
140.500173	4.363164
142.543795	4.354024
144.617142	4.344718
146.720647	4.336599
148.854748	4.328951
151.019890	4.321612
153.216525	4.314902
155.445111	4.309348
157.706112	4.304941
160.000000	4.301000
162.327254	4.298561
164.688358	4.296658
167.083805	4.296163
169.514095	4.296415
171.979734	4.297329
174.481237	4.299735
177.019125	4.302296
179.593928	4.306266
182.206182	4.309498
184.856431	4.314195
187.545230	4.317895
190.273138	4.322361
193.040725	4.326589
195.848567	4.330575
198.697250	4.334317
201.587368	4.337280
204.519524	4.339543
207.494329	4.341536
210.512403	4.342751
213.574377	4.343433
216.680888	4.343404
219.832584	4.344338
223.030122	4.345228
226.274170	4.346355
229.565404	4.348296
232.904509	4.351176
236.292183	4.355112
239.729132	4.359620
243.216073	4.366356
246.753732	4.373924
250.342848	4.382891
253.984168	4.393710
257.678453	4.406223
261.426473	4.421194
265.229008	4.437995
269.086853	4.455971
273.000811	4.475833
276.971700	4.496910
281.000346	4.519100
285.087590	4.542403
289.234284	4.566554
293.441294	4.591441
297.709496	4.617085
302.039780	4.643726
306.433050	4.670744
310.890221	4.697196
315.412224	4.723661
320.000000	4.750000
324.654507	4.776419
329.376716	4.803794
334.167610	4.830501
339.028190	4.857167
343.959469	4.883918
348.962474	4.910755
354.038251	4.937679
359.187855	4.964692
364.412363	4.991795
369.712863	5.018046
375.090460	5.044244
380.546277	5.069754
386.081450	5.094282
391.697134	5.118015
397.394500	5.140979
403.174736	5.162862
409.039048	5.183660
414.988657	5.202506
421.024807	5.218809
427.148753	5.232802
433.361775	5.244564
439.665167	5.253622
446.060244	5.260016
452.548340	5.263865
459.130807	5.265441
465.809019	5.265605
472.584367	5.263127
479.458265	5.259411
486.432146	5.254325
493.507464	5.249759
500.685695	5.244433
507.968337	5.239777
515.356906	5.234276
522.852945	5.229348
530.458016	5.223506
538.173706	5.216380
546.001623	5.209256
553.943399	5.201379
562.000691	5.191697
570.175180	5.180633
578.468569	5.168292
586.882588	5.155470
595.418991	5.140532
604.079560	5.123819
612.866100	5.105950
621.780442	5.086337
630.824447	5.065127
640.000000	5.041000
649.309014	5.017150
658.753431	4.991775
668.335221	4.967324
678.056380	4.942468
687.918938	4.918531
697.924949	4.895130
708.076501	4.872912
718.375711	4.852164
728.824726	4.832966
739.425726	4.815401
750.180921	4.799609
761.092554	4.786798
772.162900	4.775126
783.394268	4.765067
794.789000	4.755396
806.349472	4.745401
818.078095	4.734803
829.977315	4.724748
842.049613	4.717059
854.297507	4.712430
866.723550	4.710870
879.330334	4.712271
892.120489	4.718046
905.096680	4.728027
918.261614	4.742907
931.618037	4.762176
945.168733	4.786487
958.916529	4.815278
972.864291	4.851538
987.014928	4.895333
1001.371391	4.948856
1015.936673	5.012914
1030.713812	5.085304
1045.705890	5.165583
1060.916032	5.251258
1076.347412	5.341288
1092.003245	5.435474
1107.886798	5.532966
1124.001383	5.633507
1140.350359	5.736281
1156.937137	5.842114
1173.765175	5.950267
1190.837983	6.060107
1208.159120	6.170616
1225.732199	6.279888
1243.560885	6.388569
1261.648894	6.493752
1280.000000	6.597000
1298.618029	6.697625
1317.506863	6.799195
1336.670442	6.899682
1356.112761	7.000396
1375.837875	7.101310
1395.849898	7.203192
1416.153002	7.305984
1436.751422	7.410010
1457.649452	7.515710
1478.851452	7.623047
1500.361842	7.731672
1522.185107	7.843290
1544.325799	7.957775
1566.788535	8.074522
1589.577999	8.194643
1612.698944	8.318225
1636.156190	8.445485
1659.954630	8.577384
1684.099226	8.713874
1708.595013	8.854642
1733.447100	9.000749
1758.660669	9.151715
1784.240977	9.308068
1810.193360	9.470267
1836.523229	9.638285
1863.236074	9.812965
1890.337467	9.994525
1917.833058	10.183185
1945.728583	10.380830
1974.029857	10.592403
2002.742782	10.822044
2031.873347	11.068903
2061.427625	11.330397
2091.411780	11.601192
2121.832065	11.877556
2152.694823	12.156367
2184.006490	12.436687
2215.773596	12.716433
2248.002765	12.996722
2280.700718	13.273372
2313.874274	13.545761
2347.530351	13.813803
2381.675966	14.074397
2416.318240	14.328823
2451.464399	14.569896
2487.121769	14.798074
2523.297789	15.007238
2560.000000	15.202000
2597.236057	15.382208
2635.013726	15.550217
2673.340883	15.705275
2712.225522	15.850492
2751.675750	15.982275
2791.699796	16.102872
2832.306004	16.210384
2873.502844	16.306681
2915.298905	16.390471
2957.702904	16.460958
3000.723683	16.518510
3044.370214	16.558583
3088.651599	16.578170
3133.577071	16.574805
3179.155999	16.542848
3225.397888	16.486061
3272.312380	16.407848
3319.909260	16.313236
3368.198452	16.205606
3417.190027	16.088472
3466.894200	15.961804
3517.321337	15.826944
3568.481954	15.685285
3620.386720	15.537132
3673.046457	15.384780
3726.472148	15.228250
3780.674934	15.068396
3835.666117	14.906635
3891.457165	14.746040
3948.059713	14.587160
4005.485564	14.438748
4063.746693	14.300113
4122.855250	14.170695
4182.823560	14.048960
4243.664130	13.932468
4305.389646	13.818989
4368.012981	13.709940
4431.547192	13.603572
4496.005531	13.501089
4561.401437	13.400811
4627.748549	13.302607
4695.060701	13.206397
4763.351932	13.111517
4832.636481	13.016690
4902.928797	12.921873
4974.243539	12.826402
5046.595577	12.730031
5120.000000	12.631857
5194.472115	12.530772
5270.027452	12.425871
5346.681766	12.317141
5424.451043	12.204497
5503.351500	12.088183
5583.399591	11.969843
5664.612008	11.850701
5747.005687	11.731697
5830.597810	11.613932
5915.405808	11.499071
6001.447367	11.390140
6088.740429	11.289762
6177.303198	11.201020
6267.154142	11.131228
6358.311998	11.084014
6450.795775	11.055999
6544.624761	11.044564
6639.818520	11.045425
6736.396904	11.054922
6834.380053	11.069635
6933.788400	11.088838
7034.642675	11.111026
7136.963909	11.134276
7240.773439	11.157815
7346.092914	11.178911
7452.944296	11.194961
7561.349867	11.202786
7671.332234	11.198539
7782.914330	11.176937
7896.119426	11.129761
8010.971128	11.044937
8127.493386	10.915620
8245.710500	10.746396
8365.647121	10.544162
8487.328260	10.319038
8610.779292	10.076748
8736.025961	9.819899
8863.094385	9.552811
8992.011061	9.279715
9122.802874	9.004059
9255.497097	8.728115
9390.121402	8.454323
9526.703863	8.184200
9665.272962	7.919772
9805.857594	7.662222
9948.487077	7.412062
10093.191154	7.171908
10240.000000	6.936600
10388.944230	6.702628
10540.054903	6.464697
10693.363532	6.217558
10848.902086	5.957013
11006.703001	5.680097
11166.799182	5.386164
11329.224017	5.072335
11494.011375	4.743492
11661.195620	4.397602
11830.811616	4.044074
12002.894734	3.683677
12177.480858	3.325416
12354.606395	2.981995
12534.308283	2.658742
12716.623996	2.375787
12901.591551	2.148875
13089.249521	1.947199
13279.637040	1.792263
13472.793808	1.695988
13668.760107	1.654696
13867.576801	1.661568
14069.285350	1.709655
14273.927818	1.781649
14481.546879	1.871634
14692.185828	1.974170
14905.888592	2.080022
15122.699734	2.184635
15342.664467	2.283357
15565.828661	2.369649
15792.238852	2.433703
16021.942256	2.465025
16254.986772	2.455191
16491.420999	2.406039
16731.294241	2.328115
16974.656520	2.231534
17221.558584	2.118586
17472.051922	1.993267
17726.188769	1.854715
17984.022122	1.705109
18245.605748	1.542427
18510.994194	1.365415
18780.242805	1.170233
19053.407727	0.955980
19330.545924	0.727209
19611.715189	0.500106
19896.974155	0.323616
20186.382308	0.287167
